1 0.46875 0.82109375 0.3453125 0.3046875
1 0.253125 0.76484375 0.184375 0.246875
1 0.1046875 0.6390625 0.178125 0.16875
1 0.103125 0.475 0.20625 0.18125
1 0.3546875 0.5328125 0.3046875 0.23125
1 0.6125 0.5671875 0.2390625 0.228125
1 0.6578125 0.7859375 0.153125 0.2140625
1 0.81328125 0.61796875 0.178125 0.21875
1 0.684375 0.3921875 0.203125 0.1828125
1 0.61640625 0.21796875 0.1921875 0.15625
1 0.37734375 0.10625 0.1859375 0.1828125
1 0.1390625 0.19765625 0.1953125 0.1921875
1 0.3234375 0.3265625 0.1828125 0.1921875