1 0.76640625 0.503125 0.3140625 0.3359375
1 0.70390625 0.7203125 0.2515625 0.1765625
1 0.5734375 0.8734375 0.1734375 0.171875
1 0.40859375 0.890625 0.1875 0.21875
1 0.47421875 0.62734375 0.240625 0.296875
1 0.51640625 0.36875 0.234375 0.23125
1 0.73671875 0.315625 0.2171875 0.1453125
1 0.57265625 0.165625 0.2234375 0.171875
1 0.34296875 0.303125 0.1890625 0.1984375
1 0.16640625 0.3765625 0.1609375 0.1875
1 0.0703125 0.61953125 0.140625 0.18125
1 0.13203125 0.85390625 0.196875 0.190625
1 0.2671875 0.665625 0.1984375 0.1765625