1 0.790625 0.4375 0.2984375 0.3359375
1 0.740625 0.659375 0.24375 0.1765625
1 0.61796875 0.821875 0.165625 0.171875
1 0.4546875 0.85390625 0.175 0.221875
1 0.50546875 0.58515625 0.225 0.296875
1 0.534375 0.325 0.221875 0.23125
1 0.75234375 0.2546875 0.2109375 0.1453125
1 0.58046875 0.11875 0.215625 0.171875
1 0.35859375 0.2734375 0.178125 0.1984375
1 0.1859375 0.3609375 0.1515625 0.1875
1 0.084375 0.61171875 0.16875 0.18125
1 0.1765625 0.83828125 0.1875 0.190625
1 0.30078125 0.640625 0.1890625 0.1765625