1 0.5390625 0.8296875 0.3265625 0.3109375
1 0.31875 0.7703125 0.16875 0.25
1 0.159375 0.64140625 0.1671875 0.171875
1 0.1328125 0.4765625 0.2171875 0.184375
1 0.4 0.5390625 0.290625 0.2375
1 0.659375 0.57890625 0.225 0.23125
1 0.7234375 0.7984375 0.140625 0.215625
1 0.86484375 0.6328125 0.165625 0.221875
1 0.715625 0.4046875 0.1921875 0.1859375
1 0.63359375 0.22890625 0.1828125 0.159375
1 0.38515625 0.11328125 0.175 0.184375
1 0.15625 0.2 0.1828125 0.1953125
1 0.35078125 0.3328125 0.1703125 0.1953125