1 0.4921875 0.7375 0.3375 0.3296875
1 0.275 0.71640625 0.1765625 0.259375
1 0.12265625 0.61484375 0.1734375 0.18125
1 0.10859375 0.4546875 0.2171875 0.196875
1 0.36953125 0.4703125 0.2984375 0.2546875
1 0.628125 0.4640625 0.2328125 0.2453125
1 0.6796875 0.6734375 0.146875 0.2234375
1 0.83046875 0.4828125 0.171875 0.23125
1 0.69453125 0.28046875 0.1984375 0.196875
1 0.62265625 0.11875 0.1875 0.1703125
1 0.38046875 0.071875 0.18125 0.14375
1 0.1453125 0.1734375 0.1890625 0.20625
1 0.33203125 0.271875 0.178125 0.20625