1 0.68828125 0.9078125 0.1953125 0.184375
1 0.4734375 0.86171875 0.234375 0.234375
1 0.28828125 0.83359375 0.15 0.2171875
1 0.13828125 0.74921875 0.178125 0.2140625
1 0.075 0.578125 0.15 0.1546875
1 0.2578125 0.62109375 0.225 0.2125
1 0.4875 0.665625 0.2296875 0.1953125
1 0.459375 0.48671875 0.1859375 0.1671875
1 0.6046875 0.2953125 0.1078125 0.165625
1 0.4421875 0.25703125 0.2265625 0.1515625
1 0.2578125 0.27734375 0.1578125 0.1890625
1 0.15546875 0.41015625 0.1296875 0.1609375
1 0.3046875 0.45546875 0.1109375 0.15