1 0.73203125 0.846875 0.1953125 0.1859375
1 0.515625 0.8125 0.2328125 0.2125
1 0.33046875 0.80234375 0.1484375 0.203125
1 0.1765625 0.73359375 0.1765625 0.196875
1 0.096875 0.56953125 0.165625 0.1390625
1 0.2890625 0.59375 0.225 0.190625
1 0.51953125 0.61484375 0.2296875 0.1734375
1 0.48203125 0.43984375 0.184375 0.1484375
1 0.61640625 0.23515625 0.10625 0.1546875
1 0.453125 0.2125 0.2265625 0.128125
1 0.2703125 0.25078125 0.1578125 0.175
1 0.1765625 0.39375 0.128125 0.1484375
1 0.3265625 0.42421875 0.109375 0.1390625