1 0.78046875 0.834375 0.20625 0.1828125
1 0.5625 0.80390625 0.2453125 0.2078125
1 0.3765625 0.796875 0.159375 0.2
1 0.21875 0.73046875 0.1875 0.19375
1 0.1296875 0.56796875 0.1734375 0.1359375
1 0.3234375 0.5890625 0.2359375 0.1875
1 0.5546875 0.60625 0.2390625 0.16875
1 0.50703125 0.43125 0.19375 0.1453125
1 0.62890625 0.22421875 0.115625 0.153125
1 0.46484375 0.2046875 0.234375 0.125
1 0.28515625 0.24609375 0.1671875 0.171875
1 0.19921875 0.390625 0.1375 0.146875
1 0.3515625 0.41875 0.1171875 0.1375