1 0.48515625 0.27265625 0.2046875 0.1546875
1 0.51875 0.3875 0.1671875 0.090625
1 0.71640625 0.575 0.1 0.14375
1 0.82421875 0.59140625 0.0984375 0.140625
1 0.80546875 0.38203125 0.09375 0.128125
1 0.67109375 0.35390625 0.1109375 0.103125
1 0.65078125 0.45 0.121875 0.075
1 0.65390625 0.27109375 0.1171875 0.0890625
1 0.6265625 0.7140625 0.071875 0.09375
1 0.33828125 0.20859375 0.08125 0.109375
0 0.1595 0.8411406250000001 0.141921875 0.31770312500000003
0 0.27734375 0.827609375 0.096359375 0.114578125