1 0.32676363636363637 0.2952040816326531 0.12407272727272727 0.1273469387755102
1 0.4320727272727273 0.21431972789115647 0.1814909090909091 0.0908843537414966
1 0.6247272727272728 0.23224489795918368 0.14581818181818182 0.14105442176870747
1 0.7874545454545455 0.3158163265306122 0.14967272727272726 0.21510204081632653
1 0.8882545454545455 0.5297619047619048 0.12163636363636365 0.17401360544217687
1 0.8544363636363637 0.7527210884353742 0.15352727272727273 0.20095238095238094
1 0.6368727272727273 0.6509183673469388 0.1700727272727273 0.1585374149659864
1 0.7354545454545455 0.4808163265306123 0.13370909090909092 0.1119047619047619
1 0.5692363636363637 0.42023809523809524 0.1573090909090909 0.15901360544217688
1 0.4042909090909091 0.42768707482993196 0.1374909090909091 0.11306122448979593
1 0.2757454545454545 0.442312925170068 0.15210909090909092 0.12442176870748299
1 0.15069090909090907 0.43517006802721087 0.07043636363636364 0.09578231292517007
1 0.3599636363636363 0.5617006802721088 0.20574545454545454 0.11255102040816328
1 0.46778181818181813 0.701360544217687 0.1457818181818182 0.11258503401360545
1 0.3057090909090909 0.6831632653061225 0.1278909090909091 0.10840136054421769
1 0.4435272727272727 0.3199659863945578 0.05901818181818182 0.08020408163265305